 10.0000    0.0000 
 10.0150    0.4540 
 10.0300    0.8089 
 10.0450    0.9876 
 10.0600    0.9516 
 10.0750    0.7094 
 10.0900    0.3143 
 10.1050   -0.1477 
 10.1200   -0.5771 
 10.1350   -0.8823 
 10.1500   -0.9997 
 10.1650   -0.9060 
 10.1800   -0.6231 
 10.1950   -0.2118 
 10.2100    0.2415 
 10.2250    0.6436 
 10.2400    0.9136 
 10.2550    0.9995 
 10.2700    0.8870 
 10.2850    0.6015 
 10.3000    0.2013 
 10.3150   -0.2349 
 10.3300   -0.6240 
 10.3450   -0.8946 
 10.3600   -0.9995 
 10.3750   -0.9234 
 10.3900   -0.6841 
 10.4050   -0.3274 
 10.4200    0.0826 
 10.4350    0.4751 
 10.4500    0.7855 
 10.4650    0.9657 
 10.4800    0.9906 
 10.4950    0.8609 
 10.5100    0.6012 
 10.5250    0.2545 
 10.5400   -0.1256 
 10.5550   -0.4835 
 10.5700   -0.7701 
 10.5850   -0.9486 
 10.6000   -0.9991 
 10.6150   -0.9198 
 10.6300   -0.7256 
 10.6450   -0.4450 
 10.6600   -0.1149 
 10.6750    0.2241 
 10.6900    0.5332 
 10.7050    0.7794 
 10.7200    0.9392 
 10.7350    0.9996 
 10.7500    0.9589 
 10.7650    0.8257 
 10.7800    0.6168 
 10.7950    0.3550 
 10.8100    0.0659 
 10.8250   -0.2241 
 10.8400   -0.4910 
 10.8550   -0.7142 
 10.8700   -0.8786 
 10.8850   -0.9748 
 10.9000   -0.9991 
 10.9150   -0.9535 
 10.9300   -0.8447 
 10.9450   -0.6831 
 10.9600   -0.4815 
 10.9750   -0.2545 
 10.9900   -0.0167 
 11.0050    0.2179 
 11.0200    0.4365 
 11.0350    0.6285 
 11.0500    0.7855 
 11.0650    0.9016 
 11.0800    0.9733 
 11.0950    0.9998 
 11.1100    0.9822 
 11.1250    0.9234 
 11.1400    0.8280 
 11.1550    0.7015 
 11.1700    0.5504 
 11.1850    0.3813 
 11.2000    0.2013 
 11.2150    0.0170 
 11.2300   -0.1651 
 11.2450   -0.3392 
 11.2600   -0.5002 
 11.2750   -0.6436 
 11.2900   -0.7658 
 11.3050   -0.8641 
 11.3200   -0.9364 
 11.3350   -0.9818 
 11.3500   -0.9997 
 11.3650   -0.9904 
 11.3800   -0.9550 
 11.3950   -0.8950 
 11.4100   -0.8123 
 11.4250   -0.7094 
 11.4400   -0.5891 
 11.4550   -0.4546 
 11.4700   -0.3092 
 11.4850   -0.1565 
 11.5000   -0.0000 
 11.5150    0.1565 
 11.5300    0.3092 
 11.5450    0.4546 
 11.5600    0.5891 
 11.5750    0.7094 
 11.5900    0.8123 
 11.6050    0.8950 
 11.6200    0.9550 
 11.6350    0.9904 
 11.6500    0.9997 
 11.6650    0.9818 
 11.6800    0.9364 
 11.6950    0.8641 
 11.7100    0.7658 
 11.7250    0.6436 
 11.7400    0.5002 
 11.7550    0.3392 
 11.7700    0.1651 
 11.7850   -0.0170 
 11.8000   -0.2013 
 11.8150   -0.3813 
 11.8300   -0.5504 
 11.8450   -0.7015 
 11.8600   -0.8280 
 11.8750   -0.9234 
 11.8900   -0.9822 
 11.9050   -0.9998 
 11.9200   -0.9733 
 11.9350   -0.9016 
 11.9500   -0.7855 
 11.9650   -0.6285 
 11.9800   -0.4365 
 11.9950   -0.2179 
 12.0100    0.0167 
 12.0250    0.2545 
 12.0400    0.4815 
 12.0550    0.6831 
 12.0700    0.8447 
 12.0850    0.9535 
 12.1000    0.9991 
 12.1150    0.9748 
 12.1300    0.8786 
 12.1450    0.7142 
 12.1600    0.4910 
 12.1750    0.2241 
 12.1900   -0.0659 
 12.2050   -0.3550 
 12.2200   -0.6168 
 12.2350   -0.8257 
 12.2500   -0.9589 
 12.2650   -0.9996 
 12.2800   -0.9392 
 12.2950   -0.7794 
 12.3100   -0.5332 
 12.3250   -0.2241 
 12.3400    0.1149 
 12.3550    0.4450 
 12.3700    0.7256 
 12.3850    0.9198 
 12.4000    0.9991 
 12.4150    0.9486 
 12.4300    0.7701 
 12.4450    0.4835 
 12.4600    0.1256 
 12.4750   -0.2545 
 12.4900   -0.6012 
 12.5050   -0.8609 
 12.5200   -0.9906 
 12.5350   -0.9657 
 12.5500   -0.7855 
 12.5650   -0.4751 
 12.5800   -0.0826 
 12.5950    0.3274 
 12.6100    0.6841 
 12.6250    0.9234 
 12.6400    0.9995 
 12.6550    0.8946 
 12.6700    0.6240 
 12.6850    0.2349 
 12.7000   -0.2013 
 12.7150   -0.6015 
 12.7300   -0.8870 
 12.7450   -0.9995 
 12.7600   -0.9136 
 12.7750   -0.6436 
 12.7900   -0.2415 
 12.8050    0.2118 
 12.8200    0.6231 
 12.8350    0.9060 
 12.8500    0.9997 
 12.8650    0.8823 
 12.8800    0.5771 
 12.8950    0.1477 
 12.9100   -0.3143 
 12.9250   -0.7094 
 12.9400   -0.9516 
 12.9550   -0.9876 
 12.9700   -0.8089 
 12.9850   -0.4540 
 13.0000   -0.0000 
