dataAbscissa/Depth	Age	dataOrdinate/Value
96.05	23040.8	-1.871
96.1	23044.8	-2.114
96.15	23048.7	-2.327
96.2	23052.6	-2.131
96.25	23056.5	-2.075
96.3	23060.5	-1.172
96.35	23064.4	-2.053
96.45	23072.3	-2.286
96.48	23074.6	-1.96
96.6	23084.1	-1.991
96.65	23088	-2.2
96.67	23089.6	-2.18
96.7	23091.9	-1.859
96.75	23095.9	-2.222
96.8	23099.8	-2.036
96.82	23101.4	-2.2
96.85	23103.7	-2.109
96.95	23111.6	-2.216
97	23115.5	-2.15
97.02	23117.1	-1.93
97.05	23119.5	-1.975
97.1	23123.4	-2.105
97.22	23132.8	-1.98
97.3	23139.1	-1.713
97.35	23143.1	-1.872
97.4	23147	-1.783
97.42	23148.6	-2.05
97.45	23150.9	-1.983
97.5	23154.9	-2.013
97.55	23158.8	-1.764
97.6	23162.7	-2.183
97.65	23166.7	-1.715
97.7	23170.6	-1.486
97.82	23180	-1.58
97.85	23182.4	-1.766
97.9	23186.3	-1.507
98	23194.2	-1.807
98.02	23195.8	-1.77
98.06	23198.9	-1.578
98.15	23206	-1.808
98.32	23219.4	-1.51
98.52	23235.1	-1.8
98.72	23250.8	-1.383
99.12	23282.3	-1.61
99.32	23298	-1.52
99.47	23309.8	-1.59
99.52	23313.7	-1.61
99.67	23325.5	-1.51
100.07	23357	-1.45
100.27	23372.7	-1.46
100.77	23412.1	-1.53
100.97	23427.8	-1.36
101.05	23434.1	-1.41
101.37	23459.2	-1.37
101.4	23461.6	-1.75
101.5	23469.5	-1.351
101.55	23473.4	-1.372
101.57	23475	-1.29
101.65	23481.3	-1.96
101.77	23490.7	-1.68
101.85	23497	-1.801
101.9	23500.9	-1.383
102	23508.8	-1.553
102.1	23516.7	-1.673
102.15	23520.6	-1.464
102.2	23524.5	-1.923
102.22	23526.1	-1.73
102.25	23528.5	-0.927
102.27	23530	-1.63
102.3	23532.4	-1.702
102.35	23536.3	-1.556
102.4	23540.3	-1.42
102.42	23541.8	-1.63
102.45	23544.2	-1.672
102.5	23548.1	-1.755
102.55	23552.1	-1.569
102.6	23556	-1.493
102.63	23558.3	-1.41
102.65	23559.9	-1.225
102.67	23561.5	-1.54
102.7	23563.9	-1.732
102.75	23567.8	-1.576
102.8	23571.7	-1.809
102.82	23573.3	-1.59
102.85	23575.7	-1.902
102.87	23577.2	-1.72
102.9	23579.6	-1.885
102.95	23583.5	-1.47
103	23587.5	-1.254
103.02	23589	-1.68
103.05	23591.4	-1.696
103.07	23593	-1.43
103.1	23595.3	-1.53
103.2	23603.2	-1.683
103.22	23604.8	-1.34
103.25	23607.1	-1.846
103.27	23608.7	-1.75
103.3	23611	-1.67
103.35	23615	-1.892
103.4	23618.9	-2.145
103.42	23620.5	-1.73
103.45	23622.8	-1.6
103.6	23634.6	-1.952
103.65	23638.6	-1.826
103.7	23642.5	-1.69
103.72	23644.1	-1.377
103.75	23646.4	-1.534
103.77	23648	-1.332
103.8	23650.4	-1.739
103.85	23654.3	-1.543
103.9	23658.2	-1.576
103.92	23659.8	-1.56
103.95	23662.2	-1.646
103.97	23663.7	-1.728
104	23666.1	-1.98
104.05	23670	-1.206
104.1	23674	-1.598
104.12	23675.5	-1.49
104.15	23677.9	-1.413
104.17	23679.5	-1.152
104.2	23681.8	-1.036
104.25	23685.8	-1.377
104.3	23689.7	-1.65
104.32	23691.3	-1.929
104.35	23693.6	-1.16
104.37	23695.2	-1.064
104.4	23697.6	-1.754
104.43	23699.9	-1.19
104.45	23701.5	-1.388
104.48	23703.9	-1.115
104.5	23705.4	-1.441
104.52	23707	-1.46
104.53	23707.8	-1.717
104.54	23708.6	-1.185
104.56	23710.1	-1.168
104.58	23711.7	-1.296
104.63	23715.7	-1.183
104.67	23718.8	-1.508
104.68	23719.6	-1.154
104.73	23723.5	-1.048
104.78	23727.5	-1.63
104.83	23731.4	-1.697
104.84	23732.2	-1.4
104.88	23735.3	-1.096
104.93	23739.2	-1.06
104.98	23743.2	-1.384
105.01	23745.5	-1.42
105.03	23747.1	-1.488
105.08	23751	-1.303
105.13	23755	-1.237
105.18	23758.9	-1.441
105.23	23762.8	-1.156
105.28	23766.8	-1.031
105.3	23768.4	-1.43
105.33	23770.7	-1.433
105.38	23774.6	-1.527
105.43	23778.6	-1.242
105.46	23780.9	-1.41
105.48	23782.5	-1.483
105.53	23786.4	-1.326
105.58	23790.4	-1.44
105.63	23794.3	-1.415
105.68	23798.2	-1.728
105.73	23802.2	-1.24
105.79	23806.9	-1.912
105.8	23807.7	-1.47
105.82	23809.3	-1.647
105.87	23813.2	-1.532
105.93	23817.9	-1.555
105.98	23821.8	-1.423
106.03	23825.8	-1.783
106.05	23827.3	-1.41
106.08	23829.7	-1.345
106.13	23833.6	-1.148
106.18	23837.6	-1.731
106.23	23841.5	-1.649
106.3	23847	-1.41
106.33	23849.4	-1.452
106.38	23853.3	-1.298
106.43	23857.2	-1.175
106.48	23861.2	-1.327
106.5	23862.7	-1.42
106.53	23865.1	-1.458
106.58	23869	-1.401
106.63	23873	-1.433
106.68	23876.9	-1.39
106.73	23880.8	-1.422
106.78	23884.8	-1.365
106.8	23886.3	-1.38
106.83	23888.7	-1.626
106.88	23892.6	-1.29
106.93	23896.6	-1.204
106.98	23900.5	-1.571
107.01	23902.8	-1.51
107.03	23904.4	-1.533
107.08	23908.4	-1.389
107.18	23916.2	-1.438
107.2	23917.8	-1.1
107.23	23920.2	-0.962
107.28	23924.1	-1.584
107.3	23925.7	-1.23
107.33	23928	-1.395
107.38	23931.9	-1.239
107.43	23935.9	-1.412
107.48	23939.8	-1.694
107.5	23941.4	-1.51
107.53	23943.7	-1.628
107.58	23947.7	-1.073
107.63	23951.6	-1.416
107.68	23955.5	-1.13
107.73	23959.5	-1.263
107.78	23963.4	-1.277
107.8	23965	-1.14
107.83	23967.3	-1.237
107.88	23971.3	-1.191
107.93	23975.2	-1.224
107.98	23979.1	-1.028
107.99	23979.9	-1.384
108.03	23983.1	-1.381
108.08	23987	-1.354
108.13	23990.9	-1.517
108.18	23994.9	-1.431
108.23	23998.8	-1.245
108.28	24002.7	-1.159
108.33	24006.7	-1.289
108.38	24010.6	-1.133
108.43	24014.5	-1.206
108.48	24018.5	-1.14
108.5	24020	-1.37
108.53	24022.4	-1.084
108.58	24026.3	-1.296
108.63	24030.3	-1.609
108.68	24034.2	-1.562
108.73	24038.1	-1.337
108.8	24043.6	-0.911
108.82	24045.2	-1.41
108.83	24046	-1.445
108.88	24049.9	-1.191
108.93	24053.9	-1.347
108.98	24057.8	-1.333
109.02	24060.9	-1.29
109.03	24061.7	-1.129
109.08	24065.7	-1.224
109.13	24069.6	-1.22
109.18	24073.5	-1.305
109.19	24074.3	-1.46
109.21	24075.9	-1.4
109.23	24077.5	-1.4
109.28	24081.4	-1.685
109.33	24085.3	-1.411
109.38	24089.3	-1.367
109.39	24090	-1.4
109.43	24093.2	-1.473
109.48	24097.1	-1.528
109.53	24101.1	-1.723
109.58	24105	-1.519
109.63	24108.9	-1.256
109.68	24112.8	-1.221
109.73	24116.8	-1.476
109.77	24119.9	-1.52
109.78	24120.7	-1.551
109.8	24122.3	-1.45
109.83	24124.6	-1.806
109.88	24128.6	-1.502
109.93	24132.5	-1.411
109.96	24134.9	-1.61
109.98	24136.4	-1.557
110.03	24140.4	-1.503
110.13	24148.2	-1.603
110.18	24152.2	-1.38
110.23	24156.1	-1.82
110.3	24161.6	-1.327
110.33	24164	-1.711
110.35	24165.5	-1.36
110.38	24167.9	-1.385
110.44	24172.6	-1.64
110.48	24175.8	-1.578
110.53	24179.7	-1.641
110.58	24183.6	-1.505
110.63	24187.6	-1.419
110.68	24191.5	-0.974
110.73	24195.4	-0.997
110.8	24200.9	-1.422
110.82	24202.5	-1.38
110.83	24203.3	-1.28
110.93	24211.2	-1.184
110.98	24215.1	-1.227
111.03	24219	-1.4
111.08	24223	-1.374
111.13	24226.9	-1.716
111.18	24230.8	-1.63
111.2	24232.4	-1.75
111.23	24234.8	-1.573
111.27	24237.9	-1.769
111.28	24238.7	-2.046
111.29	24239.5	-1.75
111.32	24241.8	-1.4
111.33	24242.6	-1.96
111.38	24246.6	-1.704
111.39	24247.3	-1.406
111.42	24249.7	-1.63
111.43	24250.5	-1.495
111.47	24253.6	-1.349
111.48	24254.4	-1.469
111.53	24258.4	-1.412
111.54	24259.1	-1.385
111.58	24262.3	-1.336
111.62	24265.4	-1.53
111.63	24266.2	-1.519
111.68	24270.2	-1.682
111.69	24270.9	-1.751
111.73	24274.1	-1.257
111.75	24275.7	-1.208
111.8	24279.6	-1.309
111.81	24280.4	-1.38
111.82	24281.2	-1.38
111.84	24282.7	-1.553
111.85	24283.5	-1.488
111.9	24287.5	-1.816
111.95	24291.4	-1.511
112	24295.3	-1.455
112.01	24296.1	-1.569
112.02	24296.9	-1.41
112.05	24299.3	-1.317
112.06	24300	-1.475
112.1	24303.2	-1.117
112.12	24304.8	-1.491
112.15	24307.1	-1.129
112.17	24308.7	-1.338
112.2	24311.1	-1.383
112.22	24312.6	-1.36
112.23	24313.4	-1.165
112.25	24315	-1.309
112.28	24317.3	-1.63
112.3	24318.9	-1.539
112.34	24322.1	-1.367
112.35	24322.8	-1.658
112.39	24326	-1.951
112.4	24326.8	-1.674
112.45	24330.7	-1.389
112.5	24334.6	-1.534
112.55	24338.6	-1.279
112.56	24339.4	-1.493
112.6	24342.5	-1.531
112.61	24343.3	-1.489
112.65	24346.4	-1.457
112.7	24350.4	-1.93
112.75	24354.3	-1.408
112.8	24358.2	-1.696
112.82	24359.8	-1.547
112.85	24362.2	-1.29
112.9	24366.1	-1.573
112.95	24370	-1.483
113	24374	-1.304
113.05	24377.9	-1.395
113.1	24381.8	-1.052
113.15	24385.8	-1.214
113.2	24389.7	-1.207
113.25	24393.6	-1.184
113.3	24397.6	-1.139
113.35	24401.5	-1.578
113.4	24405.4	-1.177
113.45	24409.4	-1.687
113.5	24413.3	-1.623
113.55	24417.2	-1.481
113.6	24421.2	-1.518
113.61	24422	-1.486
113.65	24425.1	-1.378
113.7	24429	-1.526
113.75	24433	-1.314
113.8	24436.9	-1.319
113.85	24440.8	-1.602
113.9	24444.8	-1.328
113.95	24448.7	-1.329
114	24452.6	-1.37
114.05	24456.6	-1.251
114.1	24460.5	-1.4
114.12	24462.1	-1.524
114.15	24464.4	-1.385
114.2	24468.4	-1.453
114.25	24472.3	-1.495
114.3	24476.2	-1.398
114.35	24480.2	-1.262
114.4	24484.1	-1.289
114.45	24488	-1.359
114.5	24492	-1.463
114.55	24495.9	-1.17
114.6	24499.8	-1.574
114.62	24501.4	-1.31
114.65	24503.7	-1.554
114.7	24507.7	-1.278
114.75	24511.6	-1.428
114.8	24515.5	-1.322
114.85	24519.5	-1.408
114.9	24523.4	-1.431
114.95	24527.3	-1.374
115	24531.3	-1.366
115.05	24535.2	-1.591
115.1	24539.1	-1.57
115.15	24543.1	-1.461
115.2	24547	-1.398
115.25	24550.9	-1.494
115.3	24554.9	-1.085
115.35	24558.8	-1.514
115.4	24562.7	-1.279
115.45	24566.7	-1.161
115.5	24570.6	-1.175
115.55	24574.5	-1.248
115.6	24578.5	-1.36
115.65	24582.4	-1.468
115.7	24586.3	-1.379
115.75	24590.3	-1.358
115.8	24594.2	-1.606
115.85	24598.1	-1.565
115.9	24602.1	-1.671
115.95	24606	-1.75
115.96	24606.8	-1.88
116	24609.9	-1.502
116.04	24613.1	-1.507
116.05	24613.9	-1.579
116.09	24617	-1.358
116.14	24620.9	-1.368
116.19	24624.9	-1.293
116.24	24628.8	-1.472
116.29	24632.7	-1.372
116.34	24636.7	-1.525
116.39	24640.6	-1.505
116.44	24644.5	-1.536
116.49	24648.5	-1.432
116.54	24652.4	-1.401
116.59	24656.3	-1.322
116.64	24660.3	-1.45
116.69	24664.2	-1.261
116.74	24668.1	-1.36
116.79	24672.1	-1.286
116.84	24676	-1.288
116.89	24679.9	-1.415
116.94	24683.9	-1.516
116.99	24687.8	-1.355
117.04	24691.7	-1.467
117.09	24695.7	-1.226
117.14	24699.6	-1.86
117.19	24703.5	-1.529
117.24	24707.5	-1.442
117.29	24711.4	-1.298
117.34	24715.3	-1.671
117.39	24719.3	-1.649
117.44	24723.2	-1.573
117.49	24727.1	-1.802
117.51	24728.7	-1.863
117.54	24731.1	-1.817
117.59	24735	-1.591
117.64	24738.9	-1.547
117.69	24742.9	-1.781
117.74	24746.8	-1.446
117.79	24750.7	-1.404
117.84	24754.7	-1.26
117.89	24758.6	-1.361
117.94	24762.5	-1.312
117.99	24766.4	-1.573
118.04	24770.4	-1.451
118.09	24774.3	-1.323
118.14	24778.2	-1.427
118.19	24782.2	-1.512
118.24	24786.1	-1.406
118.29	24790	-1.518
118.34	24794	-1.536
118.39	24797.9	-1.661
118.44	24801.8	-1.578
118.47	24804.2	-1.77
118.49	24805.8	-1.576
118.54	24809.7	-1.565
118.59	24813.6	-1.52
118.64	24817.6	-1.235
118.69	24821.5	-1.686
118.74	24825.4	-1.342
118.79	24829.4	-1.443
118.84	24833.3	-1.503
118.89	24837.2	-1.416
118.94	24841.2	-1.467
118.99	24845.1	-1.601
119.01	24846.7	-1.492
119.04	24849	-1.433
119.09	24853	-1.668
119.14	24856.9	-1.512
119.19	24860.8	-1.374
119.24	24864.8	-1.602
119.29	24868.7	-1.489
119.34	24872.6	-1.555
119.39	24876.6	-1.567
119.44	24880.5	-1.564
119.49	24884.4	-1.584
119.54	24888.4	-1.467
119.59	24892.3	-1.686
119.64	24896.2	-1.89
119.69	24900.2	-1.648
119.74	24904.1	-1.686
119.77	24906.4	-1.75
119.84	24912	-1.679
119.89	24915.9	-1.688
119.94	24919.8	-1.746
119.99	24923.8	-1.612
120.04	24927.7	-1.631
120.09	24931.6	-1.664
120.14	24935.6	-1.69
120.19	24939.5	-1.608
120.24	24943.4	-1.369
120.29	24947.3	-1.548
120.34	24951.3	-1.557
120.39	24955.2	-1.42
120.44	24959.1	-1.621
120.49	24963.1	-1.549
120.54	24967	-1.172
120.59	24970.9	-1.701
120.64	24974.9	-1.365
120.69	24978.8	-1.403
120.74	24982.7	-1.286
120.79	24986.7	-1.613
120.84	24990.6	-1.258
120.89	24994.5	-1.229
120.94	24998.5	-1.535
120.99	25002.4	-1.325
121.01	25004	-1.6
121.04	25006.3	-1.525
121.09	25010.3	-1.729
121.14	25014.2	-1.413
121.19	25018.1	-1.567
121.24	25022.1	-1.239
121.29	25026	-1.402
121.39	25033.9	-1.607
121.44	25037.8	-1.479
121.46	25039.4	-1.5
121.49	25041.7	-1.496
121.54	25045.7	-1.58
121.59	25049.6	-1.51
121.62	25052	-1.463
121.67	25055.9	-1.486
121.72	25059.8	-1.355
121.77	25063.8	-1.343
121.82	25067.7	-1.494
121.87	25071.6	-1.408
121.92	25075.6	-1.202
121.97	25079.5	-1.333
122.02	25083.4	-1.318
122.07	25087.3	-0.873
122.09	25088.9	-1.59
122.12	25091.3	-1.517
122.17	25095.2	-1.508
122.22	25099.1	-1.484
122.27	25103.1	-1.302
122.32	25107	-1.326
122.37	25110.9	-1.653
122.42	25114.9	-1.425
122.47	25118.8	-1.27
122.52	25122.7	-1.384
122.57	25126.7	-1.526
122.62	25130.6	-1.465
122.67	25134.5	-1.482
122.69	25136.1	-1.75
122.72	25138.5	-1.525
122.77	25142.4	-1.404
122.82	25146.3	-1.283
122.87	25150.3	-1.483
122.92	25154.2	-1.292
122.97	25158.1	-1.259
123.02	25162.1	-1.303
123.07	25166	-1.261
123.12	25169.9	-1.348
123.17	25173.9	-1.544
123.22	25177.8	-1.544
123.27	25181.7	-1.367
123.32	25185.7	-1.257
123.37	25189.6	-1.352
123.42	25193.5	-1.413
123.47	25197.5	-1.471
123.52	25201.4	-1.427
123.57	25205.3	-1.54
123.62	25209.3	-1.441
123.63	25210	-1.54
123.67	25213.2	-1.417
123.72	25217.1	-1.518
123.77	25221.1	-1.552
123.82	25225	-1.294
123.87	25228.9	-1.296
123.92	25232.9	-1.482
123.97	25236.8	-1.55
124.02	25240.7	-1.565
124.07	25244.7	-1.345
124.12	25248.6	-1.608
124.17	25252.5	-1.274
124.19	25254.1	-1.499
124.22	25256.5	-1.678
124.27	25260.4	-1.908
124.32	25264.3	-1.581
124.37	25268.2	-1.724
124.42	25272.2	-1.695
124.47	25276.1	-1.531
124.52	25280	-1.982
124.57	25284	-1.535
124.62	25287.9	-1.446
124.67	25291.8	-1.77
124.72	25295.8	-1.688
124.77	25299.7	-1.622
124.79	25301.3	-1.68
124.83	25304.4	-1.71
124.89	25309.1	-1.844
124.94	25313.1	-1.673
124.99	25317	-1.724
125.04	25320.9	-1.632
125.09	25324.9	-1.734
125.14	25328.8	-1.71
125.19	25332.7	-1.54
125.24	25336.7	-1.511
125.29	25340.6	-1.696
125.34	25344.5	-1.865
125.39	25348.5	-1.473
125.44	25352.4	-1.786
125.49	25356.3	-1.781
125.54	25360.3	-1.763
125.59	25364.2	-1.44
125.64	25368.1	-1.603
125.69	25372.1	-1.436
125.74	25376	-1.487
125.8	25380.7	-1.362
125.84	25383.9	-1.493
125.89	25387.8	-1.73
125.99	25395.7	-1.661
126.44	25431.1	-1.459
126.49	25435	-1.552
126.54	25438.9	-1.365
126.59	25442.9	-1.436
126.64	25446.8	-1.359
126.69	25450.7	-1.403
126.74	25454.7	-1.239
126.79	25458.6	-1.84
126.84	25462.5	-1.405
126.89	25466.5	-1.428
126.94	25470.4	-1.944
126.99	25474.3	-1.811
127.04	25478.3	-1.207
127.09	25482.2	-1.581
127.14	25486.1	-1.69
127.19	25490	-1.589
127.24	25494	-1.578
127.28	25497.1	-1.261
127.29	25497.9	-1.75
127.34	25501.8	-1.783
127.39	25505.8	-1.545
127.44	25509.7	-1.326
127.49	25513.6	-1.309
127.54	25517.6	-1.3
127.59	25521.5	-1.456
127.64	25525.4	-1.527
127.69	25529.4	-1.396
127.74	25533.3	-1.282
127.79	25537.2	-1.61
127.81	25538.8	-1.46
127.84	25541.2	-1.813
127.89	25545.1	-1.686
127.94	25549	-1.622
127.99	25553	-1.625
128.04	25556.9	-1.642
128.09	25560.8	-1.524
128.14	25564.8	-1.367
128.19	25568.7	-1.593
128.24	25572.6	-1.459
128.29	25576.6	-1.59
128.31	25578.1	-1.807
128.34	25580.5	-1.636
128.39	25584.4	-1.461
128.44	25588.4	-1.806
128.49	25592.3	-1.348
128.54	25596.2	-1.727
128.59	25600.2	-1.554
128.64	25604.1	-1.664
128.69	25608	-1.566
128.72	25610.4	-1.585
128.74	25612	-1.665
128.79	25615.9	-1.505
128.84	25619.8	-1.646
128.89	25623.8	-1.65
128.94	25627.7	-1.709
128.99	25631.6	-1.641
129.04	25635.6	-1.827
129.09	25639.5	-1.725
129.14	25643.4	-1.554
129.19	25647.4	-1.868
129.24	25651.3	-1.589
129.29	25655.2	-1.684
129.34	25659.2	-1.286
129.39	25663.1	-1.469
129.44	25667	-1.669
129.47	25669.4	-1.83
129.49	25670.9	-1.747
129.54	25674.9	-1.7
129.59	25678.8	-1.829
129.64	25682.7	-1.926
129.69	25686.7	-1.686
129.74	25690.6	-1.749
129.79	25694.5	-1.602
129.84	25698.5	-1.671
129.89	25702.4	-1.443
129.94	25706.3	-1.612
129.97	25708.7	-1.82
129.98	25709.5	-1.68
129.99	25710.3	-1.862
130.04	25714.2	-1.889
130.09	25718.1	-1.833
130.14	25722.1	-1.706
130.19	25726	-1.686
130.21	25727.6	-1.518
130.24	25729.9	-1.512
130.29	25733.9	-1.791
130.34	25737.8	-1.991
130.39	25741.7	-1.734
130.44	25745.7	-1.83
130.47	25748	-2.336
130.49	25749.6	-1.877
130.54	25753.5	-1.712
130.59	25757.5	-1.627
130.64	25761.4	-1.955
130.69	25765.3	-1.552
130.72	25767.7	-1.695
130.74	25769.3	-1.989
130.79	25773.2	-1.665
130.84	25777.1	-1.765
130.89	25781.1	-1.975
130.94	25785	-1.851
130.97	25787.4	-2.054
130.99	25788.9	-1.884
131.04	25792.9	-1.77
131.09	25796.8	-1.597
131.14	25800.7	-1.335
131.19	25804.7	-1.339
131.22	25807	-1.77
131.24	25808.6	-1.397
131.29	25812.5	-1.523
131.34	25816.5	-1.71
131.39	25820.4	-1.628
131.44	25824.3	-1.398
131.47	25826.7	-1.434
131.49	25828.3	-1.409
131.54	25832.2	-1.566
131.59	25836.1	-1.371
131.64	25840.1	-1.355
131.69	25844	-1.609
131.72	25846.3	-1.843
131.74	25847.9	-1.94
131.79	25851.8	-1.273
131.82	25854.2	-1.673
131.84	25855.8	-1.349
131.91	25861.3	-1.606
131.96	25865.2	-1.626
131.97	25866	-1.94
132.01	25869.2	-1.565
132.06	25873.1	-1.362
132.11	25877	-1.56
132.16	25881	-1.545
132.21	25884.9	-1.722
132.26	25888.8	-1.506
132.31	25892.7	-1.581
132.36	25896.7	-1.529
132.41	25900.6	-1.681
132.46	25904.5	-1.488
132.51	25908.5	-1.297
132.53	25910.1	-1.6
132.56	25912.4	-1.437
132.61	25916.3	-1.565
132.66	25920.3	-1.425
132.71	25924.2	-1.436
132.76	25928.1	-1.366
132.81	25932.1	-1.343
132.86	25936	-1.351
132.91	25939.9	-1.354
132.96	25943.9	-1.314
133.01	25947.8	-1.409
133.03	25949.4	-1.66
133.06	25951.7	-1.483
133.11	25955.7	-1.4
133.16	25959.6	-1.63
133.21	25963.5	-1.652
133.26	25967.5	-1.797
133.31	25971.4	-1.557
133.41	25979.3	-1.572
133.46	25983.2	-1.638
133.51	25987.1	-1.714
133.53	25988.7	-1.91
133.56	25991.1	-1.555
133.61	25995	-1.815
133.66	25998.9	-1.73
133.71	26002.9	-1.885
133.76	26006.8	-1.47
133.81	26010.7	-1.825
133.86	26014.7	-1.654
133.91	26018.6	-1.56
133.96	26022.5	-1.516
134.01	26026.5	-1.695
134.03	26028	-1.697
134.06	26030.4	-1.454
134.11	26034.3	-1.588
134.16	26038.3	-1.383
134.21	26042.2	-1.594
134.26	26046.1	-1.727
134.31	26050.1	-1.446
134.36	26054	-1.877
134.41	26057.9	-1.858
134.46	26061.9	-1.63
134.51	26065.8	-1.465
134.53	26067.4	-2.143
134.56	26069.7	-1.493
134.61	26073.6	-1.681
134.66	26077.6	-1.543
134.71	26081.5	-1.781
134.76	26085.4	-1.776
134.81	26089.4	-1.791
134.86	26093.3	-1.575
134.91	26097.2	-1.159
134.96	26101.2	-1.45
135.01	26105.1	-1.678
135.03	26106.7	-1.7
135.06	26109	-1.622
135.11	26113	-1.66
135.16	26116.9	-1.667
135.21	26120.8	-1.735
135.26	26124.8	-1.452
135.31	26128.7	-1.833
135.36	26132.6	-1.971
135.41	26136.6	-1.746
135.46	26140.5	-1.617
135.51	26144.4	-1.801
135.56	26148.4	-1.813
135.61	26152.3	-1.73
135.66	26156.2	-1.94
135.68	26157.8	-1.938
135.71	26160.2	-1.635
135.76	26164.1	-1.95
135.81	26168	-1.753
135.91	26175.9	-1.949
135.96	26179.8	-1.82
136.01	26183.8	-2.004
136.06	26187.7	-1.535
136.11	26191.6	-1.581
136.16	26195.6	-1.469
136.21	26199.5	-2.11
136.26	26203.4	-1.735
136.31	26207.4	-1.664
136.36	26211.3	-1.825
136.41	26215.2	-1.788
136.46	26219.2	-1.605
136.51	26223.1	-1.663
136.56	26227	-1.625
136.61	26231	-2.019
136.68	26236.5	-1.976
136.71	26238.8	-1.862
136.76	26242.8	-1.919
136.81	26246.7	-1.712
136.86	26250.6	-1.916
136.91	26254.5	-1.853
136.96	26258.5	-1.718
137.01	26262.4	-1.463
137.06	26266.3	-1.765
137.11	26270.3	-1.27
137.16	26274.2	-1.865
137.21	26278.1	-1.535
137.26	26282.1	-1.917
137.31	26286	-1.73
137.36	26289.9	-1.198
137.41	26293.9	-1.516
137.46	26297.8	-1.338
137.51	26301.7	-1.423
137.56	26305.7	-1.33
137.61	26309.6	-1.593
137.66	26313.5	-2.04
137.68	26315.1	-1.487
137.71	26317.5	-1.615
137.76	26321.4	-1.579
137.81	26325.3	-1.383
137.86	26329.3	-1.915
137.91	26333.2	-1.885
137.96	26337.1	-2.208
138	26340.3	-1.957
138.06	26345	-1.694
138.09	26347.4	-1.952
138.11	26348.9	-2.093
138.16	26352.9	-1.78
138.18	26354.4	-1.899
138.26	26360.7	-1.942
138.28	26362.3	-2.056
138.31	26364.7	-1.629
138.36	26368.6	-1.866
138.37	26369.4	-1.873
138.46	26376.5	-2.031
138.55	26383.5	-2.28
138.61	26388.3	-1.67
138.65	26391.4	-2.015
138.71	26396.1	-1.618
138.74	26398.5	-1.795
138.76	26400.1	-1.628
138.83	26405.6	-1.85
138.86	26407.9	-1.303
138.91	26411.9	-1.246
138.92	26412.6	-2.115
138.96	26415.8	-1.374
139.01	26419.7	-1.624
139.06	26423.7	-1.965
139.11	26427.6	-2.256
139.18	26433.1	-2.095
139.2	26434.7	-2.239
139.21	26435.4	-1.833
139.29	26441.7	-2.327
139.31	26443.3	-2
139.36	26447.2	-1.844
139.38	26448.8	-2.054
139.41	26451.2	-1.781
139.46	26455.1	-1.564
139.47	26455.9	-1.985
139.51	26459	-1.578
139.56	26463	-1.754
139.57	26463.8	-2.013
139.62	26467.7	-1.549
139.67	26471.6	-1.721
139.72	26475.6	-1.75
139.77	26479.5	-1.874
139.83	26484.2	-1.443
139.87	26487.4	-1.731
139.88	26488.1	-1.517
139.93	26492.1	-1.631
139.97	26495.2	-1.996
139.98	26496	-1.545
140.04	26500.7	-1.495
140.07	26503.1	-1.769
140.09	26504.7	-1.576
140.14	26508.6	-1.63
140.2	26513.3	-1.715
140.25	26517.2	-1.542
140.27	26518.8	-1.552
140.3	26521.2	-1.47
140.35	26525.1	-1.499
140.37	26526.7	-1.798
140.55	26540.8	-2.079
140.57	26542.4	-1.71
140.67	26550.3	-1.874
140.77	26558.1	-2.004
140.87	26566	-1.797
140.97	26573.9	-2.028
141.07	26581.7	-2.329
141.17	26589.6	-1.958
141.27	26597.5	-1.993
141.37	26605.3	-2.163
141.47	26613.2	-2.165
141.55	26619.5	-2.082
141.57	26621.1	-2.13
141.67	26628.9	-2.134
141.77	26636.8	-2.041
141.87	26644.7	-2.19
141.97	26652.5	-2.46
142.05	26658.8	-2.034
142.07	26660.4	-2.328
142.17	26668.3	-2.107
142.27	26676.1	-1.992
142.37	26684	-2.151
142.47	26691.9	-1.95
142.57	26699.7	-2.055
142.67	26707.6	-2.099
142.77	26715.5	-1.97
142.87	26723.3	-1.845
142.97	26731.2	-1.903
143.05	26737.5	-1.56
143.07	26739	-1.854
143.17	26746.9	-1.597
143.27	26754.8	-2.303
143.37	26762.6	-2.15
143.55	26776.8	-1.674
143.57	26778.4	-1.842
143.67	26786.2	-1.877
143.77	26794.1	-2.043
143.87	26802	-2.252
143.97	26809.8	-2.226
144.07	26817.7	-2.27
144.17	26825.6	-2.144
144.27	26833.4	-2.139
144.37	26841.3	-1.588
144.47	26849.2	-1.881
144.55	26855.5	-1.88
144.57	26857	-1.621
144.67	26864.9	-1.72
144.77	26872.8	-1.814
144.87	26880.6	-1.874
144.97	26888.5	-1.809
145.07	26896.4	-1.709
145.17	26904.2	-1.847
145.27	26912.1	-1.697
145.37	26919.9	-1.405
145.47	26927.8	-1.619
145.55	26934.1	-1.945
145.57	26935.7	-1.807
145.6	26938	-1.66
145.67	26943.5	-1.944
145.69	26945.1	-1.828
145.77	26951.4	-2.07
145.81	26954.6	-2.075
145.87	26959.3	-2.117
145.93	26964	-1.705
145.97	26967.1	-2.284
146.05	26973.4	-2.05
146.07	26975	-2.032
146.17	26982.9	-2.169
146.2	26985.2	-1.98
146.27	26990.7	-1.994
146.37	26998.6	-1.861
146.47	27006.5	-1.756
146.57	27014.3	-1.713
146.67	27022.2	-2.012
146.7	27024.6	-2.108
146.77	27030.1	-1.961
146.87	27037.9	-2.071
146.97	27045.8	-2.033
147.07	27053.7	-1.901
147.2	27063.9	-2
147.27	27069.4	-2.277
147.47	27085.1	-2.044
147.57	27093	-1.967
147.67	27100.8	-1.715
147.77	27108.7	-2.163
147.87	27116.6	-2.006
147.97	27124.4	-1.829
148.07	27132.3	-1.682
148.17	27140.2	-1.63
148.2	27142.5	-1.901
148.23	27144.9	-1.905
148.27	27148	-2.087
148.37	27155.9	-1.956
148.42	27159.8	-1.91
148.47	27163.8	-1.865
148.57	27171.6	-2.077
148.67	27179.5	-1.765
148.7	27181.9	-1.68
148.77	27187.4	-1.771
148.97	27203.1	-1.686
149.07	27211	-1.853
149.17	27218.8	-1.382
149.2	27221.2	-1.463
149.27	27226.7	-1.475
149.37	27234.6	-1.513
149.47	27242.4	-2.044
149.57	27250.3	-1.984
149.67	27258.2	-1.421
149.7	27260.5	-1.306
149.77	27266	-1.92
149.87	27273.9	-1.929
149.97	27281.7	-2.023
150.02	27285.7	-1.44
150.07	27289.6	-1.987
150.17	27297.5	-2.098
150.28	27306.1	-1.993
150.39	27314.8	-1.779
150.49	27322.6	-1.686
150.6	27331.3	-1.579
150.81	27347.8	-2.044
150.92	27356.5	-1.515
151.02	27364.3	-1.733
151.1	27370.6	-1.35
151.13	27373	-1.365
151.23	27380.8	-1.823
151.34	27389.5	-2.16
151.45	27398.2	-1.876
151.55	27406	-1.79
151.6	27410	-1.73
151.66	27414.7	-1.905
151.76	27422.5	-1.844
151.8	27425.7	-1.83
151.87	27431.2	-1.851
151.98	27439.8	-1.831
152.08	27447.7	-1.9
152.1	27449.3	-1.7
152.19	27456.4	-1.354
152.29	27464.2	-1.621
152.33	27467.4	-1.595
152.4	27472.9	-1.807
152.51	27481.5	-1.475
152.6	27488.6	-1.521
152.61	27489.4	-1.34
152.72	27498	-1.728
152.83	27506.7	-2.041
152.93	27514.6	-1.919
153.04	27523.2	-1.913
153.1	27527.9	-1.61
153.14	27531.1	-2.187
153.25	27539.7	-2.044
153.36	27548.4	-1.766
153.39	27550.7	-1.47
153.46	27556.2	-1.765
153.57	27564.9	-1.991
153.6	27567.3	-1.47
153.66	27572	-1.868
153.69	27574.3	-1.84
153.75	27579.1	-1.402
153.78	27581.4	-1.921
153.84	27586.1	-2.046
153.87	27588.5	-2.01
153.89	27590.1	-2.106
153.92	27592.4	-2.013
153.93	27593.2	-1.737
153.98	27597.1	-1.649
154.02	27600.3	-1.543
154.08	27605	-1.728
154.11	27607.4	-1.538
154.17	27612.1	-1.959
154.2	27614.4	-1.816
154.26	27619.2	-1.618
154.31	27623.1	-1.77
154.36	27627	-1.805
154.45	27634.1	-1.73
154.46	27634.9	-2.097
154.55	27642	-1.882
154.66	27650.6	-2.069
154.76	27658.5	-1.81
154.89	27668.7	-1.583
154.98	27675.8	-1.886
155.09	27684.4	-2.187
155.2	27693.1	-1.961
155.32	27702.5	-1.728
155.42	27710.4	-1.71
155.54	27719.8	-1.748
155.64	27727.7	-1.923
155.76	27737.1	-2.291
155.86	27745	-1.993
155.95	27752.1	-1.919
155.97	27753.7	-2.3
156.07	27761.5	-1.662
156.17	27769.4	-1.393
156.18	27770.2	-1.775
156.27	27777.3	-1.256
156.29	27778.8	-1.849
156.37	27785.1	-1.483
156.4	27787.5	-1.594
156.47	27793	-1.565
156.51	27796.1	-1.577
156.57	27800.9	-1.535
156.67	27808.7	-1.682
156.77	27816.6	-1.482
156.87	27824.4	-1.386
156.92	27828.4	-2.035
156.97	27832.3	-1.396
157.07	27840.2	-2.114
157.17	27848	-1.842
157.27	27855.9	-2.033
157.37	27863.8	-2.057
157.4	27866.1	-1.81
157.47	27871.6	-1.581
157.87	27903.1	-1.784
157.92	27907	-1.83
157.97	27911	-2.223
158.07	27918.8	-1.948
158.17	27926.7	-2.18
158.27	27934.6	-1.999
158.37	27942.4	-2.119
158.42	27946.4	-2.017
158.47	27950.3	-2.264
158.57	27958.2	-2.162
158.67	27966	-2.253
158.77	27973.9	-1.85
158.87	27981.8	-1.783
158.97	27989.6	-1.868
159.07	27997.5	-1.489
159.17	28005.3	-1.79
159.27	28013.2	-1.598
159.37	28021.1	-1.614
159.4	28023.4	-1.728
159.42	28025	-1.814
159.47	28028.9	-1.768
159.57	28036.8	-1.78
159.67	28044.7	-1.82
159.77	28052.5	-1.785
159.87	28060.4	-1.774
159.92	28064.3	-2.194
159.97	28068.3	-1.75
160.17	28084	-1.905
160.27	28090.7	-1.605
160.42	28100.9	-1.65
160.47	28104.2	-1.679
160.57	28111	-2.012
160.67	28117.7	-1.852
160.77	28124.5	-1.455
160.87	28131.2	-1.503
160.91	28133.9	-1.47
160.92	28134.6	-1.685
160.97	28138	-1.355
161.17	28151.5	-1.475
161.37	28164.9	-1.842
161.42	28168.3	-1.82
161.47	28171.7	-1.772
161.57	28178.4	-1.442
161.67	28185.2	-1.324
161.77	28191.9	-2.069
161.87	28198.7	-1.731
161.92	28202	-1.66
161.97	28205.4	-1.543
162.07	28212.2	-1.456
162.17	28218.9	-1.462
162.27	28225.6	-2.008
162.37	28232.4	-1.861
162.42	28235.8	-1.65
162.47	28239.1	-1.815
162.57	28245.9	-1.495
162.67	28252.6	-1.145
162.77	28259.4	-1.43
162.87	28266.1	-2.057
162.92	28269.5	-1.647
162.97	28272.9	-1.792
163.07	28279.6	-1.5
163.09	28281	-1.667
163.19	28287.7	-1.819
163.27	28293.1	-1.769
163.29	28294.4	-1.77
163.36	28299.2	-1.896
163.39	28301.2	-1.43
163.41	28302.5	-1.97
163.49	28307.9	-1.461
163.54	28311.3	-1.982
163.58	28314	-1.421
163.63	28317.4	-1.881
163.67	28320.1	-1.963
163.77	28326.8	-2.147
163.82	28330.2	-1.69
163.86	28332.9	-2.045
163.95	28339	-2.035
164.04	28345	-1.918
164.14	28351.8	-1.838
164.23	28357.8	-2.03
164.32	28363.9	-2.05
164.41	28370	-1.855
164.51	28376.7	-1.819
164.6	28382.8	-1.919
164.69	28388.9	-1.634
164.79	28395.6	-1.875
164.88	28401.7	-1.803
164.97	28407.8	-1.446
165.06	28413.8	-1.171
165.16	28420.6	-1.409
165.25	28426.6	-1.537
165.32	28431.4	-1.98
165.34	28432.7	-1.592
165.43	28438.8	-1.609
165.53	28445.5	-1.947
165.62	28451.6	-1.683
165.71	28457.7	-1.537
165.81	28464.4	-1.528
165.82	28465.1	-1.67
165.9	28470.5	-1.408
165.99	28476.6	-1.857
166.27	28495.4	-1.705
166.32	28498.8	-1.53
166.36	28501.5	-2.027
166.46	28508.3	-1.543
166.55	28514.3	-1.326
166.64	28520.4	-1.563
166.73	28526.5	-1.796
166.74	28527.2	-1.76
166.83	28533.2	-1.685
166.92	28539.3	-1.894
167.01	28545.4	-1.554
167.1	28551.4	-1.743
167.18	28556.8	-1.543
167.2	28558.2	-1.669
167.29	28564.2	-1.605
167.38	28570.3	-1.814
167.48	28577.1	-1.599
167.57	28583.1	-1.474
167.66	28589.2	-1.792
167.68	28590.6	-1.48
167.75	28595.3	-1.67
167.94	28608.1	-1.372
168.04	28614.8	-2.062
168.14	28621.6	-1.831
168.18	28624.3	-1.77
168.23	28627.7	-1.878
168.33	28634.4	-1.186
168.42	28640.5	-1.485
168.52	28647.2	-1.451
168.62	28654	-1.504
168.71	28660	-1.812
168.81	28666.8	-1.992
168.83	28668.1	-1.814
168.9	28672.8	-1.684
168.93	28674.9	-1.433
168.99	28678.9	-1.665
169.1	28686.3	-1.694
169.13	28688.4	-1.666
169.18	28691.7	-1.74
169.19	28692.4	-1.734
169.23	28695.1	-1.658
169.29	28699.2	-1.598
169.33	28701.8	-1.774
169.38	28705.2	-2.129
169.43	28708.6	-1.289
169.53	28715.3	-1.523
169.63	28722.1	-1.924
169.73	28728.8	-1.925
169.83	28735.6	-1.994
169.93	28742.3	-1.842
170.03	28749.1	-1.737
170.13	28755.8	-1.788
170.18	28759.2	-1.918
170.2	28760.5	-2.138
170.23	28762.6	-1.869
170.33	28769.3	-1.683
170.43	28776	-1.613
170.53	28782.8	-1.628
170.63	28789.5	-1.498
170.68	28792.9	-1.8
170.73	28796.3	-1.635
170.83	28803	-1.603
170.93	28809.8	-1.743
171.03	28816.5	-1.931
171.13	28823.3	-2.036
171.18	28826.6	-1.77
171.23	28830	-1.726
171.33	28836.7	-1.896
171.43	28843.5	-1.761
171.53	28850.2	-1.755
171.63	28857	-1.863
171.68	28860.4	-1.62
171.73	28863.7	-1.688
171.83	28870.5	-1.713
171.93	28877.2	-1.717
172.03	28884	-1.954
172.13	28890.7	-1.626
172.18	28894.1	-1.614
172.23	28897.5	-1.801
172.33	28904.2	-1.692
172.43	28910.9	-1.902
172.53	28917.7	-1.634
172.63	28924.4	-2.001
172.68	28927.8	-1.85
172.73	28931.2	-1.798
172.83	28937.9	-1.588
172.93	28944.7	-1.873
173.03	28951.4	-2.009
173.13	28958.2	-1.828
173.18	28961.5	-1.86
173.23	28964.9	-1.886
173.33	28971.7	-2.327
173.43	28978.4	-1.966
173.53	28985.1	-2.4
173.63	28991.9	-1.969
173.67	28994.6	-1.714
173.68	28995.3	-1.9
173.73	28998.6	-1.836
173.77	29001.3	-1.736
173.83	29005.4	-2.011
173.87	29008.1	-1.876
173.93	29012.1	-1.713
173.97	29014.8	-1.751
173.98	29015.5	-1.443
174.03	29018.9	-1.755
174.07	29021.6	-1.792
174.12	29024.9	-1.67
174.27	29035.1	-1.385
174.37	29041.8	-1.614
174.47	29048.5	-2.048
174.57	29055.3	-1.607
174.62	29058.7	-1.59
174.67	29062	-1.644
174.77	29068.8	-2.034
174.87	29075.5	-2.189
174.97	29082.3	-2.031
175.07	29089	-1.723
175.12	29092.4	-1.672
175.27	29102.5	-2.057
175.37	29109.3	-1.757
175.47	29116	-1.169
175.57	29122.7	-1.378
175.62	29126.1	-1.62
175.67	29129.5	-2.051
175.77	29136.2	-2.092
175.87	29143	-1.843
175.97	29149.7	-1.762
176.07	29156.5	-1.786
176.17	29163.2	-1.9
176.27	29170	-1.658
176.37	29176.7	-1.942
176.57	29190.2	-1.44
176.62	29193.6	-1.583
176.67	29196.9	-1.471
176.77	29203.7	-1.81
176.87	29210.4	-2.065
176.97	29217.2	-2.081
177.07	29223.9	-2.099
177.12	29227.3	-1.87
177.17	29230.7	-1.984
177.27	29237.4	-1.973
177.37	29244.2	-1.958
177.47	29250.9	-1.908
177.57	29257.6	-1.654
177.62	29261	-1.61
177.64	29262.4	-1.61
177.77	29271.1	-1.761
177.87	29277.9	-2.289
177.97	29284.6	-1.648
178.07	29291.4	-1.743
178.17	29298.1	-1.745
178.27	29304.9	-2.032
178.37	29311.6	-1.959
178.47	29318.3	-2.284
178.57	29325.1	-2.121
178.62	29328.5	-1.483
178.77	29338.6	-1.982
178.87	29345.3	-2.059
178.97	29352.1	-1.948
179.07	29358.8	-1.353
179.12	29362.2	-1.62
179.17	29365.6	-1.472
179.2	29367.6	-1.45
179.28	29373	-1.692
179.39	29380.4	-1.522
179.51	29388.5	-1.287
179.62	29395.9	-1.413
179.7	29401.3	-1.69
179.73	29403.3	-1.851
179.85	29411.4	-1.567
179.96	29418.8	-1.915
180.07	29426.3	-1.743
180.19	29434.4	-1.564
180.2	29435	-1.686
180.41	29449.2	-1.946
180.52	29456.6	-2.036
180.64	29464.7	-1.691
180.7	29468.8	-1.78
180.75	29472.1	-1.759
180.86	29479.6	-1.705
180.97	29487	-1.774
180.98	29487.6	-1.61
181.07	29493.7	-1.617
181.09	29495.1	-1.86
181.17	29500.5	-1.224
181.2	29502.5	-1.63
181.27	29507.2	-1.799
181.32	29510.6	-1.634
181.37	29514	-1.586
181.43	29518	-1.568
181.47	29520.7	-1.623
181.57	29527.4	-1.422
181.67	29534.2	-1.009
181.7	29536.2	-1.301
181.77	29540.9	-1.542
181.87	29547.7	-1.532
181.97	29554.4	-1.302
182.07	29561.2	-1.157
182.17	29567.9	-0.953
182.2	29569.9	-1.11
182.27	29574.7	-1.102
182.37	29581.4	-1.714
182.47	29588.1	-1.894
182.52	29591.5	-1.54
182.57	29594.9	-1.668
182.67	29601.6	-1.825
182.7	29603.7	-1.544
182.72	29605	-1.79
182.77	29608.4	-1.861
182.87	29615.1	-1.671
182.97	29621.9	-1.868
183.07	29628.6	-1.441
183.17	29635.4	-1.862
183.2	29637.4	-1.6
183.21	29638.1	-1.8
183.28	29642.8	-1.572
183.4	29650.9	-1.732
183.52	29659	-2.117
183.64	29667.1	-1.752
183.76	29675.2	-1.637
183.81	29678.5	-1.701
183.88	29683.3	-1.351
184	29691.3	-1.384
184.11	29698.8	-1.172
184.12	29699.4	-1.53
184.21	29705.5	-1.589
184.24	29707.5	-1.068
184.28	29710.2	-1.444
184.31	29712.3	-1.724
184.35	29715	-1.354
184.41	29719	-1.631
184.47	29723.1	-1.587
184.51	29725.7	-1.399
184.59	29731.1	-1.529
184.61	29732.5	-1.576
184.71	29739.2	-1.834
184.79	29744.6	-1.817
184.81	29746	-1.69
184.91	29752.7	-1.956
185.01	29759.5	-1.427
185.11	29766.2	-1.371
185.28	29777.7	-1.71
185.31	29779.7	-1.559
185.41	29786.5	-1.538
185.51	29793.2	-1.648
185.61	29799.9	-1.75
185.71	29806.7	-1.702
185.78	29811.4	-1.792
185.81	29813.4	-1.781
185.91	29820.2	-1.49
186.01	29826.9	-1.576
186.11	29833.7	-1.658
186.2	29839.7	-1.585
186.21	29840.4	-1.558
186.24	29842.4	-1.408
186.28	29845.1	-1.843
186.29	29845.8	-1.56
186.33	29848.5	-1.126
186.37	29851.2	-1.258
186.41	29853.9	-1.767
186.45	29856.6	-1.67
186.5	29860	-1.675
186.54	29862.7	-1.505
186.58	29865.4	-1.418
186.62	29868.1	-1.215
186.66	29870.8	-2.033
186.71	29874.1	-1.731
186.72	29874.8	-1.597
186.75	29876.8	-0.865
186.83	29882.2	-1.951
186.93	29889	-1.446
187.03	29895.7	-1.818
187.13	29902.5	-1.792
187.23	29909.2	-1.667
187.26	29911.2	-1.55
187.33	29916	-1.703
187.43	29922.7	-1.362
187.53	29929.5	-1.545
187.73	29942.9	-1.537
187.78	29946.3	-1.279
187.83	29949.7	-0.992
187.93	29956.4	-1.347
188.03	29963.2	-1.248
188.13	29969.9	-1.976
188.23	29976.7	-1.76
188.28	29980	-1.73
188.33	29983.4	-1.714
188.43	29990.2	-1.57
188.53	29996.9	-1.721
188.63	30003.6	-1.573
188.73	30010.4	-1.658
188.78	30013.8	-1.182
188.93	30023.9	-1.389
189.03	30030.6	-1.933
189.13	30037.4	-1.49
189.23	30044.1	-1.392
189.28	30047.5	-1.5
189.33	30050.9	-1.206
189.43	30057.6	-1.576
189.53	30064.4	-1.332
189.63	30071.1	-1.184
189.73	30077.8	-1.333
189.78	30081.2	-1.54
189.83	30084.6	-1.953
189.85	30085.9	-1.287
189.9	30089.3	-1.581
189.93	30091.3	-1.612
189.94	30092	-1.742
189.99	30095.4	-1.583
190.03	30098.1	-1.513
190.13	30104.8	-1.757
190.23	30111.6	-1.75
190.28	30114.9	-1.638
190.33	30118.3	-1.602
190.38	30121.7	-1.545
190.43	30125.1	-1.816
190.53	30131.8	-1.826
190.58	30135.2	-1.942
190.63	30138.5	-1.5
190.68	30141.9	-2.094
190.73	30145.3	-1.549
190.78	30148.7	-1.78
190.83	30152	-1.944
190.88	30155.4	-1.65
190.93	30158.8	-1.533
190.98	30162.2	-1.574
191.03	30165.5	-1.858
191.05	30166.9	-1.65
191.08	30168.9	-1.623
191.13	30172.3	-2.086
191.18	30175.6	-1.489
191.23	30179	-1.467
191.28	30182.4	-1.327
191.33	30185.8	-1.59
191.38	30189.1	-1.426
191.43	30192.5	-1.674
191.48	30195.9	-1.864
191.53	30199.3	-1.884
191.58	30202.6	-1.541
191.63	30206	-1.654
191.68	30209.4	-1.563
191.73	30212.7	-1.755
191.78	30216.1	-1.573
191.83	30219.5	-1.928
191.88	30222.9	-1.695
191.93	30226.2	-1.841
191.98	30229.6	-1.78
192.03	30233	-1.712
192.06	30235	-1.6
192.08	30236.4	-1.58
192.13	30239.7	-1.462
192.18	30243.1	-1.707
192.23	30246.5	-1.746
192.28	30249.8	-1.712
192.33	30253.2	-1.745
192.38	30256.6	-1.581
192.43	30260	-1.679
192.48	30263.3	-1.771
192.53	30266.7	-2.042
192.58	30270.1	-1.877
192.63	30273.4	-1.858
192.68	30276.8	-2.038
192.73	30280.2	-1.897
192.78	30283.6	-1.746
192.83	30286.9	-1.765
192.88	30290.3	-1.994
192.93	30293.7	-1.815
192.98	30297.1	-1.63
193.03	30300.4	-2.074
193.05	30301.8	-1.75
193.08	30303.8	-1.827
193.13	30307.2	-1.819
193.18	30310.5	-1.732
193.23	30313.9	-1.894
193.28	30317.3	-1.855
193.33	30320.7	-2.02
193.38	30324	-1.67
193.43	30327.4	-1.831
193.48	30330.8	-1.878
193.53	30334.2	-1.698
193.56	30336.2	-1.64
193.58	30337.5	-1.859
193.63	30340.9	-1.787
193.68	30344.3	-1.709
193.73	30347.6	-1.792
193.78	30351	-2.022
193.83	30354.4	-1.643
193.88	30357.8	-1.825
193.93	30361.1	-1.769
193.98	30364.5	-1.782
194.03	30367.9	-1.633
194.05	30369.2	-1.38
194.08	30371.3	-1.586
194.13	30374.6	-1.517
194.18	30378	-1.591
194.23	30381.4	-1.668
194.28	30384.7	-1.649
194.33	30388.1	-1.681
194.38	30391.5	-1.48
194.43	30394.9	-1.536
194.48	30398.2	-1.395
194.53	30401.6	-1.272
194.55	30403	-1.42
194.58	30405	-1.566
194.63	30408.3	-1.701
194.68	30411.7	-1.345
194.73	30415.1	-1.713
194.78	30418.5	-1.728
194.83	30421.8	-1.689
194.88	30425.2	-1.623
194.93	30428.6	-1.396
194.98	30432	-1.806
195.03	30435.3	-1.687
195.06	30437.4	-1.78
195.08	30438.7	-1.454
195.13	30442.1	-1.715
195.18	30445.4	-1.58
195.23	30448.8	-1.641
195.28	30452.2	-1.857
195.33	30455.6	-2
195.38	30458.9	-1.797
195.43	30462.3	-1.522
195.48	30465.7	-1.641
195.53	30469.1	-1.614
195.55	30470.4	-1.471
195.58	30472.4	-1.85
195.63	30475.8	-1.949
195.68	30479.2	-2.019
195.73	30482.5	-1.808
195.78	30485.9	-1.769
195.83	30489.3	-1.67
195.88	30492.7	-1.569
195.93	30496	-1.542
195.98	30499.4	-1.516
196.03	30502.8	-1.693
196.05	30504.1	-1.696
196.08	30506.2	-1.709
196.13	30509.5	-1.809
196.18	30512.9	-1.554
196.23	30516.3	-1.556
196.28	30519.6	-1.671
196.33	30523	-1.665
196.38	30526.4	-1.483
196.43	30529.8	-1.677
196.48	30533.1	-1.338
196.53	30536.5	-1.738
196.55	30537.9	-1.42
196.58	30539.9	-1.876
196.63	30543.3	-1.888
196.68	30546.6	-1.888
196.73	30550	-2.011
196.78	30553.4	-1.768
196.83	30556.7	-1.589
196.88	30560.1	-2.041
196.93	30563.5	-1.499
196.98	30566.9	-1.515
197.03	30570.2	-1.775
197.05	30571.6	-1.593
197.08	30573.6	-1.95
197.13	30577	-1.833
197.18	30580.3	-1.65
197.23	30583.7	-1.877
197.28	30587.1	-1.772
197.33	30590.5	-1.64
197.38	30593.8	-1.695
197.43	30597.2	-1.643
197.48	30600.6	-1.587
197.53	30604	-1.587
197.55	30605.3	-1.68
197.58	30607.3	-1.745
197.63	30610.7	-1.798
197.68	30614.1	-1.965
197.73	30617.4	-1.565
197.78	30620.8	-1.578
197.83	30624.2	-1.746
197.88	30627.6	-1.417
197.93	30630.9	-1.635
197.98	30634.3	-1.317
198.03	30637.7	-1.816
198.05	30639	-1.69
198.08	30641.1	-1.654
198.13	30644.4	-1.66
198.18	30647.8	-1.682
198.23	30651.2	-2.113
198.28	30654.5	-1.746
198.33	30657.9	-1.918
198.36	30659.9	-1.912
198.38	30661.3	-1.397
198.4	30662.6	-1.811
198.43	30664.7	-1.735
198.45	30666	-1.92
198.47	30667.4	-1.65
198.49	30668.7	-1.769
198.52	30670.7	-1.733
198.55	30672.8	-1.877
198.6	30676.1	-1.681
198.65	30679.5	-1.888
198.7	30682.9	-1.253
198.75	30686.2	-1.688
198.8	30689.6	-1.742
198.85	30693	-1.641
198.9	30696.4	-1.571
198.95	30699.7	-1.406
199	30703.1	-1.372
199.05	30706.5	-1.291
199.1	30709.9	-1.715
199.15	30713.2	-1.398
199.2	30716.6	-1.581
199.25	30720	-1.554
199.3	30723.3	-1.678
199.35	30726.7	-1.892
199.4	30730.1	-1.584
199.45	30733.5	-1.636
199.5	30736.8	-1.81
199.55	30740.2	-1.8
199.56	30740.9	-1.76
199.6	30743.6	-1.835
199.65	30747	-1.442
199.7	30750.3	-1.505
199.75	30753.7	-1.786
199.8	30757.1	-1.447
199.85	30760.4	-1.29
199.9	30763.8	-1.478
199.95	30767.2	-1.577
200	30770.6	-1.393
200.05	30773.9	-1.014
200.1	30777.3	-1.284
200.15	30780.7	-1.481
200.2	30784	-1.483
200.25	30787.4	-1.726
200.3	30790.8	-1.812
200.35	30794.2	-1.59
200.4	30797.5	-1.752
200.45	30800.9	-1.995
200.5	30804.3	-1.74
200.55	30807.7	-1.58
200.6	30811	-1.301
200.65	30814.4	-1.729
200.7	30817.8	-1.463
200.75	30821.1	-1.475
200.8	30824.5	-1.535
200.85	30827.9	-1.657
200.9	30831.3	-1.762
200.95	30834.6	-1.628
201	30838	-1.747
201.05	30841.4	-1.86
201.1	30844.8	-1.717
201.15	30848.1	-1.734
201.2	30851.5	-1.649
201.25	30854.9	-1.876
201.3	30858.2	-1.561
201.35	30861.6	-1.665
201.4	30865	-1.676
201.45	30868.4	-1.588
201.5	30871.7	-1.556
201.55	30875.1	-1.53
201.6	30878.5	-1.659
201.65	30881.9	-1.981
201.7	30885.2	-1.864
201.75	30888.6	-1.527
201.8	30892	-1.35
201.85	30895.3	-1.849
201.9	30898.7	-1.426
201.95	30902.1	-1.732
202.1	30912.2	-1.494
202.15	30915.6	-1.462
202.2	30919	-1.604
202.25	30922.3	-1.386
202.3	30925.7	-1.502
202.35	30929.1	-1.847
202.4	30932.4	-1.557
202.45	30935.8	-1.857
202.48	30937.8	-1.411
202.5	30939.2	-1.628
202.6	30945.9	-1.778
202.65	30949.3	-1.873
202.7	30952.7	-1.481
202.75	30956	-1.906
202.8	30959.4	-1.864
202.85	30962.8	-2.032
202.9	30966.2	-1.62
202.95	30969.5	-2.193
202.98	30971.6	-1.59
203	30972.9	-1.902
203.03	30974.9	-1.6
203.08	30978.3	-1.72
203.13	30981.7	-1.78
203.17	30984.4	-1.811
203.18	30985.1	-1.8
203.24	30989.1	-1.86
203.25	30989.8	-1.862
203.29	30992.5	-1.72
203.33	30995.2	-1.812
203.35	30996.5	-1.88
203.4	30999.9	-1.66
203.42	31001.2	-1.928
203.46	31003.9	-1.77
203.51	31007.3	-1.7
203.55	31010	-1.68
203.58	31012	-1.44
203.6	31013.4	-1.63
203.65	31016.8	-1.7
203.7	31020.1	-1.54
203.76	31024.2	-1.41
203.8	31026.9	-1.69
203.85	31030.2	-1.81
203.96	31037.7	-1.78
203.98	31039	-2.37
204.01	31041	-1.57
204.05	31043.7	-1.6
204.1	31047.1	-1.56
204.16	31051.2	-1.63
204.21	31054.5	-1.72
204.26	31057.9	-1.57
204.3	31060.6	-1.57
204.35	31064	-1.66
204.4	31067.3	-1.52
204.46	31071.4	-1.6
204.49	31073.4	-1.4
204.54	31076.8	-1.37
204.6	31080.8	-1.34
204.65	31084.2	-1.69
204.69	31086.9	-1.52
204.74	31090.3	-1.7
204.75	31091	-1.7
204.79	31093.6	-1.71
204.85	31097.7	-1.57
204.9	31101.1	-1.42
204.94	31103.8	-1.32
204.98	31106.5	-1.44
204.99	31107.1	-1.31
205.04	31110.5	-1.37
205.1	31114.6	-1.33
205.15	31117.9	-1.69
205.19	31120.6	-1.3
205.24	31124	-1.48
205.25	31124.7	-1.48
205.29	31127.4	-1.5
205.35	31131.4	-1.53
205.4	31134.8	-1.4
205.44	31137.5	-1.45
205.49	31140.9	-1.62
205.54	31144.2	-1.58
205.6	31148.3	-1.69
205.65	31151.7	-1.67
205.69	31154.4	-1.6
205.74	31157.7	-1.46
205.79	31161.1	-1.6
205.85	31165.1	-1.42
205.9	31168.5	-1.38
205.94	31171.2	-1.52
206.01	31175.9	-1.37
206.06	31179.3	-1.47
206.11	31182.7	-1.38
206.16	31186.1	-1.67
206.21	31189.4	-1.5
206.26	31192.8	-1.54
206.31	31196.2	-1.54
206.36	31199.5	-1.52
206.41	31202.9	-1.45
206.46	31206.3	-1.48
206.51	31209.7	-1.69
206.56	31213	-1.84
206.61	31216.4	-1.63
206.66	31219.8	-1.5
206.71	31223.2	-1.48
206.76	31226.5	-1.62
206.81	31229.9	-1.56
206.86	31233.3	-1.77
206.91	31236.6	-1.83
206.96	31240	-1.59
207.01	31243.4	-1.63
207.06	31246.8	-1.5
207.11	31250.1	-1.32
207.16	31253.5	-1.38
207.21	31256.9	-1.53
207.26	31260.3	-1.77
207.31	31263.6	-1.62
207.36	31267	-1.62
207.41	31270.4	-1.5
207.46	31273.7	-1.65
207.48	31275.1	-1.83
207.53	31278.5	-1.69
207.58	31281.8	-1.85
207.63	31285.2	-1.87
207.68	31288.6	-1.68
207.73	31292	-1.74
207.78	31295.3	-1.59
207.83	31298.7	-1.6
207.88	31302.1	-1.72
207.93	31305.4	-1.72
207.98	31308.8	-1.72
208.03	31312.2	-1.62
208.08	31315.6	-1.66
208.13	31318.9	-1.64
208.18	31322.3	-1.49
208.23	31325.7	-1.61
208.28	31329.1	-1.55
208.33	31332.4	-1.46
208.38	31335.8	-1.34
208.43	31339.2	-1.33
208.48	31342.5	-1.44
208.53	31345.9	-1.11
208.58	31349.3	-1.24
208.63	31352.7	-1.29
208.68	31356	-1.33
208.73	31359.4	-1.45
208.78	31362.8	-1.3
208.83	31366.1	-1.36
208.88	31369.5	-1.66
208.93	31372.9	-1.46
208.98	31376.3	-1.58
209.03	31379.6	-1.35
209.08	31383	-1.32
209.13	31386.4	-1.63
209.18	31389.8	-1.54
209.23	31393.1	-1.7
209.28	31396.5	-1.74
209.33	31399.9	-1.75
209.38	31403.2	-1.73
209.43	31406.6	-1.62
209.48	31410	-1.55
209.53	31413.4	-1.52
209.58	31416.7	-1.56
209.63	31420.1	-1.33
209.68	31423.5	-1.52
209.73	31426.9	-1.36
209.78	31430.2	-1.46
209.8	31431.6	-1.56
209.83	31433.6	-1.29
209.88	31437	-1.49
209.9	31438.3	-1.3
209.93	31440.3	-1.43
209.95	31441.7	-1.34
209.98	31443.7	-1.36
210	31445.1	-1.42
210.03	31447.1	-1.28
210.05	31448.4	-1.43
210.08	31450.5	-1.43
210.1	31451.8	-1.39
210.13	31453.8	-1.29
210.15	31455.2	-1.62
210.18	31457.2	-1.24
210.2	31458.6	-1.5
210.23	31460.6	-1.22
210.25	31461.9	-1.36
210.28	31464	-1.48
210.32	31466.7	-1.3
210.33	31467.3	-1.36
210.37	31470	-1.22
210.38	31470.7	-1.34
210.42	31473.4	-1.31
210.43	31474.1	-1.23
210.47	31476.8	-1.22
210.52	31480.1	-1.41
210.57	31483.5	-1.27
210.62	31486.9	-1.41
210.67	31490.3	-1.43
210.72	31493.6	-1.21
210.75	31495.7	-1.5
210.77	31497	-1.54
210.82	31500.4	-1.29
210.87	31503.7	-1.35
210.92	31507.1	-1.39
210.97	31510.5	-1.36
211.02	31513.9	-1.29
211.07	31517.2	-1.3
211.12	31520.6	-1.38
211.17	31524	-1.54
211.22	31527.4	-1.59
211.27	31530.7	-1.66
211.32	31534.1	-1.54
211.37	31537.5	-1.57
211.42	31540.8	-1.64
211.47	31544.2	-1.47
211.52	31547.6	-1.42
211.57	31551	-1.33
211.62	31554.3	-1.5
211.67	31557.7	-1.38
211.72	31561.1	-1.41
211.77	31564.5	-1.52
211.82	31567.8	-1.2
211.87	31571.2	-1.56
211.92	31574.6	-1.6
211.97	31577.9	-1.61
212.02	31581.3	-1.73
212.07	31584.7	-1.48
212.12	31588.1	-1.27
212.17	31591.4	-1.36
212.22	31594.8	-1.28
212.27	31598.2	-1.51
212.32	31601.6	-1.57
212.37	31604.9	-1.34
212.42	31608.3	-1.49
212.47	31611.7	-1.28
212.52	31615	-1.55
212.57	31618.4	-1.4
212.62	31621.8	-1.33
212.67	31625.2	-1.51
212.72	31628.5	-1.54
212.77	31631.9	-1.56
212.82	31635.3	-1.49
212.87	31638.6	-1.38
212.92	31642	-1.56
212.97	31645.4	-1.33
213.02	31648.8	-1.53
213.07	31652.1	-1.68
213.12	31655.5	-1.74
213.17	31658.9	-1.49
213.22	31662.3	-1.57
213.27	31665.6	-1.58
213.32	31669	-1.57
213.37	31672.4	-1.55
213.42	31675.7	-1.63
213.47	31679.1	-1.48
213.52	31682.5	-1.55
213.57	31685.9	-1.43
213.62	31689.2	-1.54
213.67	31692.6	-1.78
213.72	31696	-1.75
213.77	31699.4	-1.83
213.82	31702.7	-1.61
213.87	31706.1	-1.73
213.92	31709.5	-1.8
213.97	31712.8	-1.77
214.02	31716.2	-1.59
214.07	31719.6	-1.54
214.12	31723	-1.54
214.17	31726.3	-1.48
214.22	31729.7	-1.49
214.27	31733.1	-1.37
214.32	31736.5	-1.54
214.37	31739.8	-1.57
214.42	31743.2	-1.55
214.47	31746.6	-1.46
214.52	31749.9	-1.28
214.57	31753.3	-1.49
214.62	31756.7	-1.56
214.67	31760.1	-1.46
214.72	31763.4	-1.5
214.77	31766.8	-1.47
214.82	31770.2	-1.42
214.87	31773.6	-1.51
214.92	31776.9	-1.64
214.97	31780.3	-1.39
215.02	31783.7	-1.42
215.07	31787	-1.55
215.12	31790.4	-1.62
215.17	31793.8	-1.56
215.22	31797.2	-1.53
215.27	31800.5	-1.57
215.3	31802.6	-1.42
215.32	31803.9	-1.51
215.37	31807.3	-1.71
215.38	31808	-1.58
215.42	31810.6	-1.41
215.46	31813.3	-1.54
215.47	31814	-1.51
215.51	31816.7	-1.38
215.52	31817.4	-1.67
215.54	31818.7	-1.34
215.57	31820.8	-1.61
215.62	31824.1	-1.754
215.67	31827.5	-1.83
215.72	31830.9	-1.61
215.77	31834.3	-1.54
215.82	31837.6	-1.54
215.87	31841	-1.51
215.92	31844.4	-1.54
215.97	31847.7	-1.44
216.02	31851.1	-1.6
216.07	31854.5	-1.42
216.12	31857.9	-1.392
216.17	31861.2	-1.2
216.22	31864.6	-1.38
216.27	31868	-1.56
216.32	31871.4	-1.58
216.37	31874.7	-1.61
216.42	31878.1	-1.43
216.47	31881.5	-1.6
216.52	31884.8	-1.58
216.57	31888.2	-1.35
216.62	31891.6	-1.04
216.67	31895	-1.48
216.72	31898.3	-1.4
216.77	31901.7	-1.36
216.82	31905.1	-1.38
216.87	31908.5	-1.51
216.92	31911.8	-1.41
216.97	31915.2	-1.69
217.02	31918.6	-1.62
217.07	31921.9	-1.67
217.12	31925.3	-1.81
217.17	31928.7	-1.75
217.27	31935.4	-1.46
217.32	31938.8	-1.37
217.37	31942.2	-1.389
217.42	31945.6	-1.39
217.47	31948.9	-1.48
217.52	31952.3	-1.57
217.57	31955.7	-1.79
217.62	31959	-1.65
217.67	31962.4	-1.68
217.72	31965.8	-1.55
217.77	31969.2	-1.61
217.82	31972.5	-1.48
217.87	31975.9	-1.56
217.92	31979.3	-1.4
217.97	31982.6	-1.54
218.02	31986	-1.43
218.07	31989.4	-1.38
218.12	31992.8	-1.28
218.17	31996.1	-1.39
218.22	31999.5	-1.39
218.27	32002.9	-1.65
218.32	32006.3	-1.6
218.37	32009.6	-1.69
218.42	32013	-1.4
218.43	32013.7	-1.51
218.47	32016.4	-1.3
218.49	32017.7	-1.5
218.52	32019.7	-1.49
218.55	32021.8	-1.49
218.57	32023.1	-1.41
218.62	32026.5	-1.25
218.72	32033.2	-1.35
218.77	32036.6	-1.42
218.82	32040	-1.47
218.87	32043.4	-1.42
218.92	32046.7	-1.59
218.97	32050.1	-1.6
219.02	32053.5	-1.47
219.07	32056.8	-1.28
219.12	32060.2	-1.43
219.17	32063.6	-1.37
219.22	32067	-1.43
219.27	32070.3	-1.22
219.32	32073.7	-1.42
219.37	32077.1	-1.3
219.42	32080.5	-1.21
219.47	32083.8	-1.24
219.52	32087.2	-1.21
219.57	32090.6	-1.43
219.62	32093.9	-1.3
219.67	32097.3	-1.55
219.72	32100.7	-1.27
219.77	32104.1	-1.14
219.82	32107.4	-1.22
219.87	32110.8	-1.4
219.92	32114.2	-1.28
219.97	32117.5	-1.56
220.02	32120.9	-1.35
220.06	32123.6	-1.5
220.07	32124.3	-1.43
220.12	32127.7	-1.39
220.17	32131	-1.5
220.22	32134.4	-1.42
220.27	32137.8	-1.57
220.32	32141.2	-1.6
220.37	32144.5	-1.51
220.42	32147.9	-1.6
220.47	32151.3	-1.35
220.52	32154.6	-1.22
220.57	32158	-1.32
220.62	32161.4	-1.57
220.67	32164.8	-1.59
220.72	32168.1	-1.31
220.77	32171.5	-1.65
220.82	32174.9	-1.46
220.87	32178.3	-1.53
220.92	32181.6	-1.46
220.97	32185	-1.38
221.02	32188.4	-1.35
221.07	32191.7	-1.5
221.12	32195.1	-1.11
221.17	32198.5	-1.28
221.22	32201.9	-1.18
221.27	32205.2	-1.25
221.32	32208.6	-1.19
221.37	32212	-1.43
221.42	32215.4	-1.54
221.47	32218.7	-1.5
221.52	32222.1	-1.19
221.57	32225.5	-1.42
221.62	32228.8	-1.38
221.67	32232.2	-1.54
221.72	32235.6	-1.34
221.77	32239	-1.44
221.82	32242.3	-1.42
221.87	32245.7	-1.64
221.95	32251.1	-1.89
222	32254.5	-1.74
222.05	32257.8	-1.59
222.16	32265.3	-1.47
222.22	32269.3	-1.36
222.27	32272.7	-1.73
222.32	32276.1	-1.38
222.37	32279.4	-1.63
222.42	32282.8	-1.62
222.47	32286.2	-1.57
222.52	32289.5	-1.73
222.58	32293.6	-1.56
222.64	32297.6	-1.72
222.69	32301	-1.57
222.74	32304.4	-1.31
222.79	32307.8	-1.21
222.84	32311.1	-1.42
222.91	32315.9	-1.26
222.97	32319.9	-1.84
223.02	32323.3	-1.44
223.07	32326.6	-1.6
223.12	32330	-1.59
223.17	32333.4	-1.61
223.22	32336.8	-1.43
223.27	32340.1	-1.57
223.32	32343.5	-1.63
223.38	32347.6	-1.88
223.42	32350.3	-1.7
223.47	32353.6	-1.73
223.52	32357	-1.65
223.57	32360.4	-1.6
223.62	32363.7	-1.7
223.67	32367.1	-1.64
223.72	32370.5	-1.62
223.77	32373.9	-1.89
223.82	32377.2	-1.46
223.87	32380.6	-1.63
223.92	32384	-1.72
223.97	32387.4	-1.67
224.01	32390	-1.82
224.02	32390.7	-1.8
224.07	32394.1	-1.76
224.12	32397.5	-1.63
224.17	32400.8	-1.67
224.22	32404.2	-1.48
224.27	32407.6	-1.46
224.32	32411	-1.63
224.37	32414.3	-1.6
224.42	32417.7	-1.71
224.47	32421.1	-1.71
224.52	32424.4	-1.52
224.57	32427.8	-1.64
224.62	32431.2	-1.61
224.67	32434.6	-1.647
224.72	32437.9	-1.52
224.77	32441.3	-1.45
224.82	32444.7	-1.69
224.88	32448.7	-1.57
224.91	32450.8	-1.74
224.93	32452.1	-1.65
224.98	32455.5	-1.9
225.03	32458.8	-1.52
225.08	32462.2	-1.56
225.13	32465.6	-1.63
225.18	32469	-1.62
225.23	32472.3	-1.61
225.28	32475.7	-1.69
225.33	32479.1	-1.65
225.38	32482.5	-1.7
225.43	32485.8	-1.72
225.48	32489.2	-1.76
225.53	32492.6	-1.66
225.63	32499.3	-1.44
225.68	32502.7	-1.43
225.73	32506.1	-1.54
225.78	32509.4	-1.55
225.83	32512.8	-1.72
225.88	32516.2	-1.71
225.93	32519.6	-1.68
225.98	32522.9	-1.85
226.03	32526.3	-1.61
226.04	32527	-1.77
226.05	32527.6	-1.53
226.1	32531	-1.74
226.15	32534.4	-1.52
226.17	32535.7	-1.5
226.2	32537.8	-1.54
226.25	32541.1	-1.31
226.26	32541.8	-1.7
226.31	32545.2	-1.65
226.32	32545.9	-1.37
226.36	32548.6	-1.74
226.38	32549.9	-1.78
226.41	32551.9	-1.61
226.46	32555.3	-1.59
226.51	32558.7	-1.87
226.56	32562	-1.74
226.61	32565.4	-1.72
226.66	32568.8	-1.73
226.71	32572.2	-1.74
226.76	32575.5	-1.72
226.81	32578.9	-1.74
226.86	32582.3	-1.46
226.91	32585.7	-1.43
226.96	32589	-1.64
227.01	32592.4	-1.61
227.06	32595.8	-1.48
227.11	32599.1	-1.48
227.16	32602.5	-1.66
227.21	32605.9	-1.61
227.26	32609.3	-1.56
227.31	32612.6	-1.59
227.36	32616	-1.65
227.41	32619.4	-1.53
227.46	32622.8	-1.59
227.51	32626.1	-1.3
227.56	32629.5	-1.53
227.61	32632.9	-1.72
227.66	32636.2	-1.69
227.7	32638.9	-1.63
227.75	32642.3	-1.63
227.8	32645.7	-1.55
227.85	32649.1	-1.74
227.9	32652.4	-1.58
227.95	32655.8	-1.688
228	32659.2	-1.66
228.05	32662.6	-1.58
228.1	32665.9	-1.68
228.15	32669.3	-1.6
228.2	32672.7	-1.83
228.25	32676	-1.87
228.3	32679.4	-1.85
228.35	32682.8	-1.57
228.4	32686.2	-1.7
228.45	32689.5	-1.793
228.5	32692.9	-1.78
228.55	32696.3	-1.54
228.6	32699.6	-1.55
228.65	32703	-1.78
228.7	32706.4	-1.5
228.75	32709.8	-1.69
228.8	32713.1	-1.79
228.85	32716.5	-1.65
228.9	32719.9	-1.34
228.95	32723.3	-1.544
229	32726.6	-1.37
229.1	32733.4	-1.74
229.2	32740.1	-1.887
229.25	32743.5	-1.88
229.3	32746.9	-1.91
229.35	32750.2	-1.8
229.4	32753.6	-1.58
229.45	32757	-1.688
229.5	32760.4	-1.77
229.55	32763.7	-1.6
229.6	32767.1	-1.96
229.65	32770.5	-1.74
229.7	32773.8	-1.668
229.75	32777.2	-1.77
229.8	32780.6	-1.76
229.85	32784	-1.73
229.9	32787.3	-1.7
229.95	32790.7	-1.635
230	32794.1	-1.73
230.05	32797.5	-1.89
230.15	32804.2	-1.83
230.2	32807.6	-1.731
230.25	32810.9	-1.66
230.35	32817.7	-1.54
230.4	32821.1	-1.54
230.45	32824.4	-1.65
230.5	32827.8	-1.79
230.55	32831.2	-1.86
230.6	32834.5	-1.57
230.65	32837.9	-1.63
230.7	32841.3	-1.587
230.73	32843.3	-1.42
230.76	32845.3	-1.69
230.8	32848	-1.64
230.81	32848.7	-1.58
230.86	32852.1	-1.65
230.91	32855.5	-1.87
230.96	32858.8	-1.86
231.01	32862.2	-1.87
231.06	32865.6	-1.71
231.11	32868.9	-1.71
231.16	32872.3	-1.78
231.21	32875.7	-1.68
231.26	32879.1	-1.59
231.3	32881.8	-1.62
231.41	32889.2	-1.66
231.46	32892.6	-1.68
231.51	32895.9	-1.74
231.61	32902.7	-1.68
231.66	32906	-1.56
231.71	32909.4	-1.45
231.74	32911.4	-1.4
231.79	32914.8	-1.44
231.84	32918.2	-1.57
231.89	32921.6	-1.41
231.94	32924.9	-1.63
231.99	32928.3	-1.56
232.04	32931.7	-1.49
232.09	32935.1	-1.51
232.14	32938.4	-1.84
232.19	32941.8	-1.66
